outFile1.txt
42 31 0 1
                                                                                             
                                             1                                               
                     2                       1                 3                             
      4  4        5  2  2           6        1        7        3              8              
      4  4           2              6  6  6  1  1     7           9           8              
            10 10 10 2                       1           11    12          13 8              
               10 10 2                    14 1  1           15                8              
            16       2                 17                      18             8     19       
            16       2                 17                      18             8     19       
            16       2                 17                      18             8     19       
            16       2                 17                      18             8              
            16       2                 17                      18             8              
            16       2                 17                   20 18             8     21       
            16       2                 17 17             22    18             8     21       
            16       2                 17    23       24       18             8     21       
            16       2                 17    23 23 23          18             8     21 21    
            16       2                 17       23             18             8        21    
            16       2                    25 25 23       26                27 8        21    
            16 16    2                       25    28 28    29                      30 21    
            16       2                                28    29                      30       
            16                               31                32       33 33 33    30       
               34                            31                   35 35       33    30       
               34                         36 31 31                         37 33    30       
            38 34    39 39 39             36 31 31                      40 37 33    30       
               34 34                   41 36 31 31 31                42 40    33    30       
                  34                43 41 36 31 31 31 31          44 42       33 33 30       
               45 34 34          46 43 41 36 31 31 31 31 31                      33          
            47          48    49 46 43 41 36 31 31 31 31 31 31                   33          
                           50 49 46 43 41 36 31 31 31 31 31 31 31          51    33          
                           50 49 46 43 41 36 31 31 31 31 31 31 31          51       52       
                           50 49 46 43 41 36 31 31 31 31 31 31 31          51       52       
         53                50 49 46 43 41 36 31 31 31 31 31 31 31       54 51 51 51 51       
            55             50 49 46 43 41 36 31 31 31 31 31 31 31    56    51                
            55             50 49 46 43 41 36 31 31 31 31 31 31 31 31 31                      
               57          50 49 46 43 41 36 31 31 31 31 31 31 31                            
         58    57       59    49          36 31 31                60                         
            61       62                                           60 60                      
      63 63 61 61 61                                        64       60 60                   
         63 61 61                         65 65 65          64             66                
            61                            65 65 65       67 64 64    68 68 66                
                                             65    69 69       64 64 64                      
                                                                                             

Index[val] ==> 1[1] ; 2[2] ; 3[3] ; 4[4] ; 5[2] ; 6[1] ; 7[7] ; 8[8] ; 9[9] ; 10[2] ; 
11[11] ; 12[12] ; 13[8] ; 14[1] ; 15[15] ; 16[16] ; 17[17] ; 18[18] ; 19[19] ; 20[18] ; 
21[21] ; 22[22] ; 23[23] ; 24[24] ; 25[23] ; 26[26] ; 27[8] ; 28[28] ; 29[29] ; 30[21] ; 
31[31] ; 32[32] ; 33[30] ; 34[34] ; 35[35] ; 36[31] ; 37[33] ; 38[34] ; 39[39] ; 40[37] ; 
41[36] ; 42[40] ; 43[41] ; 44[42] ; 45[34] ; 46[43] ; 47[47] ; 48[48] ; 49[46] ; 50[49] ; 
51[51] ; 52[51] ; 53[53] ; 54[51] ; 55[55] ; 56[31] ; 57[57] ; 58[58] ; 59[59] ; 60[60] ; 
61[61] ; 62[62] ; 63[61] ; 64[64] ; 65[65] ; 66[66] ; 67[64] ; 68[64] ; 69[69] ; 
42 31 0 1
                                                                                             
                                             1                                               
                     2                       1                 3                             
      4  4        2  2  2           1        1        7        3              8              
      4  4           2              1  1  1  1  1     7           9           8              
            2  2  2  2                       1           11    12          8  8              
               2  2  2                    1  1  1           15                8              
            16       2                 17                      18             8     19       
            16       2                 17                      18             8     19       
            16       2                 17                      18             8     19       
            16       2                 17                      18             8              
            16       2                 17                      18             8              
            16       2                 17                   18 18             8     21       
            16       2                 17 17             22    18             8     21       
            16       2                 17    23       24       18             8     21       
            16       2                 17    23 23 23          18             8     21 21    
            16       2                 17       23             18             8        21    
            16       2                    23 23 23       26                8  8        21    
            16 16    2                       25    28 28    29                      21 21    
            16       2                                28    29                      30       
            16                               31                32       30 30 30    30       
               34                            31                   35 35       30    30       
               34                         31 31 31                         30 30    30       
            34 34    39 39 39             31 31 31                      30 30 30    30       
               34 34                   31 31 31 31 31                40 40    30    30       
                  34                31 31 31 31 31 31 31          42 42       30 30 30       
               34 34 34          31 31 31 31 31 31 31 31 31                      33          
            47          48    31 31 31 31 31 31 31 31 31 31 31                   33          
                           31 31 31 31 31 31 31 31 31 31 31 31 31          51    33          
                           31 31 31 31 31 31 31 31 31 31 31 31 31          51       51       
                           31 31 31 31 31 31 31 31 31 31 31 31 31          51       51       
         53                31 31 31 31 31 31 31 31 31 31 31 31 31       51 51 51 51 51       
            55             31 31 31 31 31 31 31 31 31 31 31 31 31    31    51                
            55             31 31 31 31 31 31 31 31 31 31 31 31 31 31 31                      
               57          31 31 31 31 31 31 31 31 31 31 31 31 31                            
         58    57       59    49          31 31 31                60                         
            61       62                                           60 60                      
      61 61 61 61 61                                        64       60 60                   
         61 61 61                         65 65 65          64             66                
            61                            65 65 65       64 64 64    64 66 66                
                                             65    69 69       64 64 64                      
                                                                                             

Index[val] ==> 1[1] ; 2[2] ; 3[3] ; 4[4] ; 5[2] ; 6[1] ; 7[7] ; 8[8] ; 9[9] ; 10[2] ; 
11[11] ; 12[12] ; 13[8] ; 14[1] ; 15[15] ; 16[16] ; 17[17] ; 18[18] ; 19[19] ; 20[18] ; 
21[21] ; 22[22] ; 23[23] ; 24[24] ; 25[23] ; 26[26] ; 27[8] ; 28[28] ; 29[29] ; 30[21] ; 
31[31] ; 32[32] ; 33[30] ; 34[34] ; 35[35] ; 36[31] ; 37[30] ; 38[34] ; 39[39] ; 40[30] ; 
41[31] ; 42[40] ; 43[31] ; 44[42] ; 45[34] ; 46[31] ; 47[47] ; 48[48] ; 49[31] ; 50[31] ; 
51[51] ; 52[51] ; 53[53] ; 54[51] ; 55[55] ; 56[31] ; 57[57] ; 58[58] ; 59[59] ; 60[60] ; 
61[61] ; 62[62] ; 63[61] ; 64[64] ; 65[65] ; 66[64] ; 67[64] ; 68[64] ; 69[69] ; 

Index[val] ==> 1[1] ; 2[2] ; 3[3] ; 4[4] ; 5[2] ; 6[1] ; 7[5] ; 8[6] ; 9[7] ; 10[2] ; 
11[8] ; 12[9] ; 13[6] ; 14[1] ; 15[10] ; 16[11] ; 17[12] ; 18[13] ; 19[14] ; 20[13] ; 
21[15] ; 22[16] ; 23[17] ; 24[18] ; 25[17] ; 26[19] ; 27[6] ; 28[20] ; 29[21] ; 30[15] ; 
31[22] ; 32[23] ; 33[15] ; 34[24] ; 35[25] ; 36[22] ; 37[15] ; 38[24] ; 39[26] ; 40[15] ; 
41[22] ; 42[15] ; 43[22] ; 44[15] ; 45[24] ; 46[22] ; 47[27] ; 48[28] ; 49[22] ; 50[22] ; 
51[29] ; 52[29] ; 53[30] ; 54[29] ; 55[31] ; 56[22] ; 57[32] ; 58[33] ; 59[34] ; 60[35] ; 
61[36] ; 62[37] ; 63[36] ; 64[38] ; 65[39] ; 66[38] ; 67[38] ; 68[38] ; 69[40] ; 
42 31 0 1
                                                                                             
                                             1                                               
                     2                       1                 3                             
      4  4        2  2  2           1        1        5        3              6              
      4  4           2              1  1  1  1  1     5           7           6              
            2  2  2  2                       1           8     9           6  6              
               2  2  2                    1  1  1           10                6              
            11       2                 12                      13             6     14       
            11       2                 12                      13             6     14       
            11       2                 12                      13             6     14       
            11       2                 12                      13             6              
            11       2                 12                      13             6              
            11       2                 12                   13 13             6     15       
            11       2                 12 12             16    13             6     15       
            11       2                 12    17       18       13             6     15       
            11       2                 12    17 17 17          13             6     15 15    
            11       2                 12       17             13             6        15    
            11       2                    17 17 17       19                6  6        15    
            11 11    2                       17    20 20    21                      15 15    
            11       2                                20    21                      15       
            11                               22                23       15 15 15    15       
               24                            22                   25 25       15    15       
               24                         22 22 22                         15 15    15       
            24 24    26 26 26             22 22 22                      15 15 15    15       
               24 24                   22 22 22 22 22                15 15    15    15       
                  24                22 22 22 22 22 22 22          15 15       15 15 15       
               24 24 24          22 22 22 22 22 22 22 22 22                      15          
            27          28    22 22 22 22 22 22 22 22 22 22 22                   15          
                           22 22 22 22 22 22 22 22 22 22 22 22 22          29    15          
                           22 22 22 22 22 22 22 22 22 22 22 22 22          29       29       
                           22 22 22 22 22 22 22 22 22 22 22 22 22          29       29       
         30                22 22 22 22 22 22 22 22 22 22 22 22 22       29 29 29 29 29       
            31             22 22 22 22 22 22 22 22 22 22 22 22 22    22    29                
            31             22 22 22 22 22 22 22 22 22 22 22 22 22 22 22                      
               32          22 22 22 22 22 22 22 22 22 22 22 22 22                            
         33    32       34    22          22 22 22                35                         
            36       37                                           35 35                      
      36 36 36 36 36                                        38       35 35                   
         36 36 36                         39 39 39          38             38                
            36                            39 39 39       38 38 38    38 38 38                
                                             39    40 40       38 38 38                      
                                                                                             

Index[val] ==> 1[1] ; 2[2] ; 3[3] ; 4[4] ; 5[2] ; 6[1] ; 7[5] ; 8[6] ; 9[7] ; 10[2] ; 
11[8] ; 12[9] ; 13[6] ; 14[1] ; 15[10] ; 16[11] ; 17[12] ; 18[13] ; 19[14] ; 20[13] ; 
21[15] ; 22[16] ; 23[17] ; 24[18] ; 25[17] ; 26[19] ; 27[6] ; 28[20] ; 29[21] ; 30[15] ; 
31[22] ; 32[23] ; 33[15] ; 34[24] ; 35[25] ; 36[22] ; 37[15] ; 38[24] ; 39[26] ; 40[15] ; 
41[22] ; 42[15] ; 43[22] ; 44[15] ; 45[24] ; 46[22] ; 47[27] ; 48[28] ; 49[22] ; 50[22] ; 
51[29] ; 52[29] ; 53[30] ; 54[29] ; 55[31] ; 56[22] ; 57[32] ; 58[33] ; 59[34] ; 60[35] ; 
61[36] ; 62[37] ; 63[36] ; 64[38] ; 65[39] ; 66[38] ; 67[38] ; 68[38] ; 69[40] ; 
